"ERDOS NUMBER"
5
8
7
4
4
7
6
2
4
4
5
4
4
4
5
3
6
3
4
3
6
7
5
4
4
3
8
3
5
5
6
5
4
5
8
7
8
5
4
5
5
5
5
4
5
3
7
6
6
3
4
5
7
3
5
3
5
5
5
5
5
4
9
7
7
8
9
5
5
4
6
5
5
6
5
5
7
7
2
3
3
6
5
9
5
8
6
4
5
5
6
5
6
7
8
10
9
6
7
5
7
8
3
5
5
5
6
3
5
4
8
6
5
5
6
5
6
6
4
5
5
7
7
6
7
9
12
9
7
8
5
5
8
9
6
6
7
4
3
3
3
7
5
6
5
8
8
?
?
5
5
?
9
6
6
5
5
6
3
3
7
9
5
3
2
4
3
3
7
3
4
4
2
4
8
4
5
3
5
6
4
4
5
4
3
4
4
4
6
3
4
3
2
3
5
5
5
5
3
3
4
5
7
3
5
5
7
5
5
7
7
7
6
3
4
4
7
7
7
3
6
4
3
6
6
3
4
9
5
7
5
4
5
4
4
5
7
5
4
5
3
5
9
5
6
6
4
6
5
6
5
6
6
5
11
12
4
4
3
7
5
4
4
3
5
4
7
6
7
6
4
5
4
7
5
4
5
6
6
5
9
10
8
5
9
5
4
4
4
4
4
4
3
8
9
3
4
6
7
4
5
4
5
5
6
5
5
6
6
5
5
